111
104
32
112
111
114
116
111
32
99
97
109
112
101
97
263
102
105
120
101
32
98
101
110
272
265
258
101
114
100
275
263
106
101
115
117
115
32
275
285
115
268
100
105
100
263
263
118
105
262
114
282
114
101
105
114
97
293
32
295
297
299
111
10
263
99
104
101
108
115
269
264
111
267
311
32
263
109
111
117
114
105
110
104
263
319
32
102
283
103
291
111
110
342
111
105
32
312
303
100
312
10
275
101
117
32
118
334
258
260
32
105
115
262
352
293
368
334
311
114
10
259
114
113
117
358
368
312
115
111
108
10
0
